===================================================
***AAG structure
---------------------------------------------------
 Adjacency
---------------------------------------------------
	1 -> 2 3 
	2 -> 1 3 4 
	3 -> 1 2 4 
	4 -> 2 3 5 574 575 576 577 
	5 -> 4 145 146 147 148 149 150 151 152 153 154 155 156 157 158 159 160 161 162 163 164 165 166 167 168 169 170 171 172 173 174 175 176 177 178 179 180 181 182 183 184 185 186 187 188 189 190 191 192 193 194 195 196 197 198 199 200 201 202 203 204 205 206 207 208 209 210 211 212 213 214 215 216 217 218 219 220 221 222 223 224 225 226 227 228 229 230 231 232 233 234 235 236 237 238 239 240 241 242 243 244 245 246 247 248 249 250 251 252 253 254 255 256 257 258 259 260 261 262 263 264 265 266 267 268 269 270 271 272 273 274 275 276 277 278 279 280 281 282 283 284 285 286 287 288 289 290 291 292 293 294 295 296 297 298 299 300 301 302 303 304 305 306 307 308 309 310 311 312 313 314 315 316 317 318 319 320 321 322 323 324 325 326 327 328 329 330 331 332 333 334 335 336 337 338 339 340 341 342 343 344 345 346 347 348 349 350 351 352 353 354 355 356 357 358 359 360 361 362 363 364 365 366 367 368 369 370 371 372 373 374 375 376 377 378 379 380 381 382 383 384 385 386 387 388 389 390 391 392 393 394 395 396 397 398 399 400 401 402 403 404 405 406 407 408 409 410 411 412 413 414 415 416 417 418 419 420 421 422 423 424 425 426 427 428 429 430 431 432 433 434 435 436 437 438 439 440 441 442 443 444 445 446 447 448 449 450 451 452 453 454 455 456 457 458 459 460 461 462 463 464 465 466 467 468 469 470 471 472 473 474 475 476 477 478 479 480 481 482 483 484 485 486 487 488 489 490 491 492 493 494 495 496 497 498 499 500 501 502 503 504 505 506 507 508 509 510 511 512 513 514 515 516 517 518 519 520 521 522 523 524 525 526 527 528 529 530 531 532 533 534 535 536 537 538 539 540 541 542 543 544 545 546 547 548 549 550 551 552 553 554 555 556 557 558 559 560 561 566 570 573 574 577 579 
	6 -> 7 8 12 13 
	7 -> 6 8 13 14 
	8 -> 6 7 10 11 12 14 566 
	9 -> 10 11 
	10 -> 8 9 11 
	11 -> 8 9 10 
	12 -> 6 8 13 566 
	13 -> 6 7 12 14 566 
	14 -> 7 8 13 15 17 18 23 52 53 54 55 56 57 58 59 60 61 62 63 64 65 66 67 68 69 70 71 72 73 74 75 76 77 78 79 80 81 82 83 561 566 577 
	15 -> 14 562 566 577 
	16 -> 17 18 22 23 
	17 -> 14 16 18 23 
	18 -> 14 16 17 20 21 22 577 
	19 -> 20 21 
	20 -> 18 19 21 
	21 -> 18 19 20 
	22 -> 16 18 23 577 
	23 -> 14 16 17 22 577 
	24 -> 25 27 29 31 
	25 -> 24 26 32 33 
	26 -> 25 27 33 41 
	27 -> 24 26 28 41 52 53 54 55 56 57 58 59 60 61 62 63 64 65 66 67 68 69 70 71 72 73 74 75 76 77 78 79 80 81 82 83 
	28 -> 27 29 41 42 
	29 -> 24 28 30 42 
	30 -> 29 31 42 84 85 87 
	31 -> 24 30 32 87 
	32 -> 25 31 33 36 87 89 
	33 -> 25 26 32 34 35 37 38 39 40 41 89 
	34 -> 33 35 36 
	35 -> 33 34 36 
	36 -> 32 34 35 37 38 39 40 87 89 565 
	37 -> 33 36 38 40 
	38 -> 33 36 37 39 
	39 -> 33 36 38 40 
	40 -> 33 36 37 39 
	41 -> 26 27 28 33 42 48 49 50 51 85 86 89 
	42 -> 28 29 30 41 43 44 45 46 47 85 88 90 91 92 93 94 95 96 97 98 99 100 101 102 103 104 105 106 107 108 109 110 111 112 113 114 115 116 117 118 119 120 121 122 123 124 125 126 127 128 129 130 131 132 133 134 135 136 137 138 139 140 141 142 143 144 
	43 -> 42 44 45 84 
	44 -> 42 43 84 88 
	45 -> 42 43 84 88 
	46 -> 42 47 84 
	47 -> 42 46 84 
	48 -> 41 49 51 561 
	49 -> 41 48 50 561 
	50 -> 41 49 51 561 
	51 -> 41 48 50 561 
	52 -> 14 27 53 54 
	53 -> 14 27 52 67 
	54 -> 14 27 52 55 
	55 -> 14 27 54 56 
	56 -> 14 27 55 57 
	57 -> 14 27 56 58 
	58 -> 14 27 57 59 
	59 -> 14 27 58 60 
	60 -> 14 27 59 61 
	61 -> 14 27 60 62 
	62 -> 14 27 61 63 
	63 -> 14 27 62 64 
	64 -> 14 27 63 65 
	65 -> 14 27 64 66 
	66 -> 14 27 65 67 
	67 -> 14 27 53 66 
	68 -> 14 27 69 70 
	69 -> 14 27 68 75 
	70 -> 14 27 68 71 
	71 -> 14 27 70 72 
	72 -> 14 27 71 73 
	73 -> 14 27 72 74 
	74 -> 14 27 73 75 
	75 -> 14 27 69 74 
	76 -> 14 27 77 78 
	77 -> 14 27 76 83 
	78 -> 14 27 76 79 
	79 -> 14 27 78 80 
	80 -> 14 27 79 81 
	81 -> 14 27 80 82 
	82 -> 14 27 81 83 
	83 -> 14 27 77 82 
	84 -> 30 43 44 45 46 47 85 87 88 565 
	85 -> 30 41 42 84 86 565 
	86 -> 41 85 89 145 146 147 148 149 150 151 152 153 154 155 156 157 158 159 160 161 162 163 164 165 166 167 168 169 170 171 172 173 174 175 176 177 178 179 180 181 182 183 184 185 186 187 188 189 190 191 192 193 194 195 196 197 198 199 200 201 202 203 204 205 206 207 208 209 210 211 212 213 214 215 216 217 218 219 220 221 222 223 224 225 226 227 228 229 230 231 232 233 234 235 236 237 238 239 240 241 242 243 244 245 246 247 248 249 250 251 252 253 254 255 256 257 258 259 260 261 262 263 264 265 266 267 268 269 270 271 272 273 274 275 276 277 278 279 280 281 282 283 284 285 286 287 288 289 290 291 292 293 294 295 296 297 298 299 300 301 302 303 304 305 306 307 308 309 310 311 312 313 314 315 316 317 318 319 320 321 322 323 324 325 326 327 328 329 330 331 332 333 334 335 336 337 338 339 340 341 342 343 344 345 346 347 348 349 350 351 352 353 354 355 356 357 358 359 360 361 362 363 364 365 366 367 368 369 370 371 372 373 374 375 376 377 378 379 380 381 382 383 384 385 386 387 388 389 390 391 392 393 394 395 396 397 398 399 400 401 402 403 404 405 406 407 408 409 410 411 412 413 414 415 416 417 418 419 420 421 422 423 424 425 426 427 428 429 430 431 432 433 434 435 436 437 438 439 440 441 442 443 444 445 446 447 448 449 450 451 452 453 454 455 456 457 458 459 460 461 462 463 464 465 466 467 468 469 470 471 472 473 474 475 476 477 478 479 480 481 482 483 484 485 486 487 488 489 490 491 492 493 494 495 496 497 498 499 500 501 502 503 504 505 506 507 508 509 510 511 512 513 514 515 516 517 518 519 520 521 522 523 524 525 526 527 528 529 530 531 532 533 534 535 536 537 538 539 540 541 542 543 544 545 546 547 548 549 550 551 552 553 554 555 556 557 558 559 560 565 
	87 -> 30 31 32 36 84 562 563 564 565 
	88 -> 42 44 45 84 
	89 -> 32 33 36 41 86 565 
	90 -> 42 91 97 566 
	91 -> 42 90 92 566 
	92 -> 42 91 93 566 
	93 -> 42 92 94 566 
	94 -> 42 93 95 566 
	95 -> 42 94 96 566 
	96 -> 42 95 97 566 
	97 -> 42 90 96 566 
	98 -> 42 99 105 566 
	99 -> 42 98 100 566 
	100 -> 42 99 101 566 
	101 -> 42 100 102 566 
	102 -> 42 101 103 566 
	103 -> 42 102 104 566 
	104 -> 42 103 105 566 
	105 -> 42 98 104 566 
	106 -> 42 107 113 566 
	107 -> 42 106 108 566 
	108 -> 42 107 109 566 
	109 -> 42 108 110 566 
	110 -> 42 109 111 566 
	111 -> 42 110 112 566 
	112 -> 42 111 113 566 
	113 -> 42 106 112 566 
	114 -> 42 115 121 566 
	115 -> 42 114 116 566 
	116 -> 42 115 117 566 
	117 -> 42 116 118 566 
	118 -> 42 117 119 566 
	119 -> 42 118 120 566 
	120 -> 42 119 121 566 
	121 -> 42 114 120 566 
	122 -> 42 123 129 566 
	123 -> 42 122 124 566 
	124 -> 42 123 125 566 
	125 -> 42 124 126 566 
	126 -> 42 125 127 566 
	127 -> 42 126 128 566 
	128 -> 42 127 129 566 
	129 -> 42 122 128 566 
	130 -> 42 131 144 566 
	131 -> 42 130 132 566 
	132 -> 42 131 133 566 
	133 -> 42 132 134 566 
	134 -> 42 133 135 566 
	135 -> 42 134 136 566 
	136 -> 42 135 137 566 
	137 -> 42 136 138 566 
	138 -> 42 137 139 566 
	139 -> 42 138 140 566 
	140 -> 42 139 141 566 
	141 -> 42 140 142 566 
	142 -> 42 141 143 566 
	143 -> 42 142 144 566 
	144 -> 42 130 143 566 
	145 -> 5 86 146 148 
	146 -> 5 86 145 147 
	147 -> 5 86 146 148 
	148 -> 5 86 145 147 
	149 -> 5 86 150 152 
	150 -> 5 86 149 151 
	151 -> 5 86 150 152 
	152 -> 5 86 149 151 
	153 -> 5 86 154 160 
	154 -> 5 86 153 155 
	155 -> 5 86 154 156 
	156 -> 5 86 155 157 
	157 -> 5 86 156 158 
	158 -> 5 86 157 159 
	159 -> 5 86 158 160 
	160 -> 5 86 153 159 
	161 -> 5 86 162 168 
	162 -> 5 86 161 163 
	163 -> 5 86 162 164 
	164 -> 5 86 163 165 
	165 -> 5 86 164 166 
	166 -> 5 86 165 167 
	167 -> 5 86 166 168 
	168 -> 5 86 161 167 
	169 -> 5 86 170 172 
	170 -> 5 86 169 171 
	171 -> 5 86 170 172 
	172 -> 5 86 169 171 
	173 -> 5 86 174 180 
	174 -> 5 86 173 175 
	175 -> 5 86 174 176 
	176 -> 5 86 175 177 
	177 -> 5 86 176 178 
	178 -> 5 86 177 179 
	179 -> 5 86 178 180 
	180 -> 5 86 173 179 
	181 -> 5 86 182 188 
	182 -> 5 86 181 183 
	183 -> 5 86 182 184 
	184 -> 5 86 183 185 
	185 -> 5 86 184 186 
	186 -> 5 86 185 187 
	187 -> 5 86 186 188 
	188 -> 5 86 181 187 
	189 -> 5 86 190 192 
	190 -> 5 86 189 191 
	191 -> 5 86 190 192 
	192 -> 5 86 189 191 
	193 -> 5 86 194 200 
	194 -> 5 86 193 195 
	195 -> 5 86 194 196 
	196 -> 5 86 195 197 
	197 -> 5 86 196 198 
	198 -> 5 86 197 199 
	199 -> 5 86 198 200 
	200 -> 5 86 193 199 
	201 -> 5 86 202 208 
	202 -> 5 86 201 203 
	203 -> 5 86 202 204 
	204 -> 5 86 203 205 
	205 -> 5 86 204 206 
	206 -> 5 86 205 207 
	207 -> 5 86 206 208 
	208 -> 5 86 201 207 
	209 -> 5 86 210 216 
	210 -> 5 86 209 211 
	211 -> 5 86 210 212 
	212 -> 5 86 211 213 
	213 -> 5 86 212 214 
	214 -> 5 86 213 215 
	215 -> 5 86 214 216 
	216 -> 5 86 209 215 
	217 -> 5 86 218 224 
	218 -> 5 86 217 219 
	219 -> 5 86 218 220 
	220 -> 5 86 219 221 
	221 -> 5 86 220 222 
	222 -> 5 86 221 223 
	223 -> 5 86 222 224 
	224 -> 5 86 217 223 
	225 -> 5 86 226 228 
	226 -> 5 86 225 227 
	227 -> 5 86 226 228 
	228 -> 5 86 225 227 
	229 -> 5 86 230 236 
	230 -> 5 86 229 231 
	231 -> 5 86 230 232 
	232 -> 5 86 231 233 
	233 -> 5 86 232 234 
	234 -> 5 86 233 235 
	235 -> 5 86 234 236 
	236 -> 5 86 229 235 
	237 -> 5 86 238 244 
	238 -> 5 86 237 239 
	239 -> 5 86 238 240 
	240 -> 5 86 239 241 
	241 -> 5 86 240 242 
	242 -> 5 86 241 243 
	243 -> 5 86 242 244 
	244 -> 5 86 237 243 
	245 -> 5 86 246 248 
	246 -> 5 86 245 247 
	247 -> 5 86 246 248 
	248 -> 5 86 245 247 
	249 -> 5 86 250 256 
	250 -> 5 86 249 251 
	251 -> 5 86 250 252 
	252 -> 5 86 251 253 
	253 -> 5 86 252 254 
	254 -> 5 86 253 255 
	255 -> 5 86 254 256 
	256 -> 5 86 249 255 
	257 -> 5 86 258 264 
	258 -> 5 86 257 259 
	259 -> 5 86 258 260 
	260 -> 5 86 259 261 
	261 -> 5 86 260 262 
	262 -> 5 86 261 263 
	263 -> 5 86 262 264 
	264 -> 5 86 257 263 
	265 -> 5 86 266 272 
	266 -> 5 86 265 267 
	267 -> 5 86 266 268 
	268 -> 5 86 267 269 
	269 -> 5 86 268 270 
	270 -> 5 86 269 271 
	271 -> 5 86 270 272 
	272 -> 5 86 265 271 
	273 -> 5 86 274 280 
	274 -> 5 86 273 275 
	275 -> 5 86 274 276 
	276 -> 5 86 275 277 
	277 -> 5 86 276 278 
	278 -> 5 86 277 279 
	279 -> 5 86 278 280 
	280 -> 5 86 273 279 
	281 -> 5 86 282 288 
	282 -> 5 86 281 283 
	283 -> 5 86 282 284 
	284 -> 5 86 283 285 
	285 -> 5 86 284 286 
	286 -> 5 86 285 287 
	287 -> 5 86 286 288 
	288 -> 5 86 281 287 
	289 -> 5 86 290 296 
	290 -> 5 86 289 291 
	291 -> 5 86 290 292 
	292 -> 5 86 291 293 
	293 -> 5 86 292 294 
	294 -> 5 86 293 295 
	295 -> 5 86 294 296 
	296 -> 5 86 289 295 
	297 -> 5 86 298 304 
	298 -> 5 86 297 299 
	299 -> 5 86 298 300 
	300 -> 5 86 299 301 
	301 -> 5 86 300 302 
	302 -> 5 86 301 303 
	303 -> 5 86 302 304 
	304 -> 5 86 297 303 
	305 -> 5 86 306 308 
	306 -> 5 86 305 307 
	307 -> 5 86 306 308 
	308 -> 5 86 305 307 
	309 -> 5 86 310 316 
	310 -> 5 86 309 311 
	311 -> 5 86 310 312 
	312 -> 5 86 311 313 
	313 -> 5 86 312 314 
	314 -> 5 86 313 315 
	315 -> 5 86 314 316 
	316 -> 5 86 309 315 
	317 -> 5 86 318 320 
	318 -> 5 86 317 319 
	319 -> 5 86 318 320 
	320 -> 5 86 317 319 
	321 -> 5 86 322 324 
	322 -> 5 86 321 323 
	323 -> 5 86 322 324 
	324 -> 5 86 321 323 
	325 -> 5 86 326 328 
	326 -> 5 86 325 327 
	327 -> 5 86 326 328 
	328 -> 5 86 325 327 
	329 -> 5 86 330 336 
	330 -> 5 86 329 331 
	331 -> 5 86 330 332 
	332 -> 5 86 331 333 
	333 -> 5 86 332 334 
	334 -> 5 86 333 335 
	335 -> 5 86 334 336 
	336 -> 5 86 329 335 
	337 -> 5 86 338 340 
	338 -> 5 86 337 339 
	339 -> 5 86 338 340 
	340 -> 5 86 337 339 
	341 -> 5 86 342 348 
	342 -> 5 86 341 343 
	343 -> 5 86 342 344 
	344 -> 5 86 343 345 
	345 -> 5 86 344 346 
	346 -> 5 86 345 347 
	347 -> 5 86 346 348 
	348 -> 5 86 341 347 
	349 -> 5 86 350 356 
	350 -> 5 86 349 351 
	351 -> 5 86 350 352 
	352 -> 5 86 351 353 
	353 -> 5 86 352 354 
	354 -> 5 86 353 355 
	355 -> 5 86 354 356 
	356 -> 5 86 349 355 
	357 -> 5 86 358 364 
	358 -> 5 86 357 359 
	359 -> 5 86 358 360 
	360 -> 5 86 359 361 
	361 -> 5 86 360 362 
	362 -> 5 86 361 363 
	363 -> 5 86 362 364 
	364 -> 5 86 357 363 
	365 -> 5 86 366 368 
	366 -> 5 86 365 367 
	367 -> 5 86 366 368 
	368 -> 5 86 365 367 
	369 -> 5 86 370 376 
	370 -> 5 86 369 371 
	371 -> 5 86 370 372 
	372 -> 5 86 371 373 
	373 -> 5 86 372 374 
	374 -> 5 86 373 375 
	375 -> 5 86 374 376 
	376 -> 5 86 369 375 
	377 -> 5 86 378 384 
	378 -> 5 86 377 379 
	379 -> 5 86 378 380 
	380 -> 5 86 379 381 
	381 -> 5 86 380 382 
	382 -> 5 86 381 383 
	383 -> 5 86 382 384 
	384 -> 5 86 377 383 
	385 -> 5 86 386 392 
	386 -> 5 86 385 387 
	387 -> 5 86 386 388 
	388 -> 5 86 387 389 
	389 -> 5 86 388 390 
	390 -> 5 86 389 391 
	391 -> 5 86 390 392 
	392 -> 5 86 385 391 
	393 -> 5 86 394 400 
	394 -> 5 86 393 395 
	395 -> 5 86 394 396 
	396 -> 5 86 395 397 
	397 -> 5 86 396 398 
	398 -> 5 86 397 399 
	399 -> 5 86 398 400 
	400 -> 5 86 393 399 
	401 -> 5 86 402 404 
	402 -> 5 86 401 403 
	403 -> 5 86 402 404 
	404 -> 5 86 401 403 
	405 -> 5 86 406 412 
	406 -> 5 86 405 407 
	407 -> 5 86 406 408 
	408 -> 5 86 407 409 
	409 -> 5 86 408 410 
	410 -> 5 86 409 411 
	411 -> 5 86 410 412 
	412 -> 5 86 405 411 
	413 -> 5 86 414 420 
	414 -> 5 86 413 415 
	415 -> 5 86 414 416 
	416 -> 5 86 415 417 
	417 -> 5 86 416 418 
	418 -> 5 86 417 419 
	419 -> 5 86 418 420 
	420 -> 5 86 413 419 
	421 -> 5 86 422 424 
	422 -> 5 86 421 423 
	423 -> 5 86 422 424 
	424 -> 5 86 421 423 
	425 -> 5 86 426 432 
	426 -> 5 86 425 427 
	427 -> 5 86 426 428 
	428 -> 5 86 427 429 
	429 -> 5 86 428 430 
	430 -> 5 86 429 431 
	431 -> 5 86 430 432 
	432 -> 5 86 425 431 
	433 -> 5 86 434 440 
	434 -> 5 86 433 435 
	435 -> 5 86 434 436 
	436 -> 5 86 435 437 
	437 -> 5 86 436 438 
	438 -> 5 86 437 439 
	439 -> 5 86 438 440 
	440 -> 5 86 433 439 
	441 -> 5 86 442 448 
	442 -> 5 86 441 443 
	443 -> 5 86 442 444 
	444 -> 5 86 443 445 
	445 -> 5 86 444 446 
	446 -> 5 86 445 447 
	447 -> 5 86 446 448 
	448 -> 5 86 441 447 
	449 -> 5 86 450 456 
	450 -> 5 86 449 451 
	451 -> 5 86 450 452 
	452 -> 5 86 451 453 
	453 -> 5 86 452 454 
	454 -> 5 86 453 455 
	455 -> 5 86 454 456 
	456 -> 5 86 449 455 
	457 -> 5 86 458 460 
	458 -> 5 86 457 459 
	459 -> 5 86 458 460 
	460 -> 5 86 457 459 
	461 -> 5 86 462 468 
	462 -> 5 86 461 463 
	463 -> 5 86 462 464 
	464 -> 5 86 463 465 
	465 -> 5 86 464 466 
	466 -> 5 86 465 467 
	467 -> 5 86 466 468 
	468 -> 5 86 461 467 
	469 -> 5 86 470 476 
	470 -> 5 86 469 471 
	471 -> 5 86 470 472 
	472 -> 5 86 471 473 
	473 -> 5 86 472 474 
	474 -> 5 86 473 475 
	475 -> 5 86 474 476 
	476 -> 5 86 469 475 
	477 -> 5 86 478 480 
	478 -> 5 86 477 479 
	479 -> 5 86 478 480 
	480 -> 5 86 477 479 
	481 -> 5 86 482 488 
	482 -> 5 86 481 483 
	483 -> 5 86 482 484 
	484 -> 5 86 483 485 
	485 -> 5 86 484 486 
	486 -> 5 86 485 487 
	487 -> 5 86 486 488 
	488 -> 5 86 481 487 
	489 -> 5 86 490 496 
	490 -> 5 86 489 491 
	491 -> 5 86 490 492 
	492 -> 5 86 491 493 
	493 -> 5 86 492 494 
	494 -> 5 86 493 495 
	495 -> 5 86 494 496 
	496 -> 5 86 489 495 
	497 -> 5 86 498 504 
	498 -> 5 86 497 499 
	499 -> 5 86 498 500 
	500 -> 5 86 499 501 
	501 -> 5 86 500 502 
	502 -> 5 86 501 503 
	503 -> 5 86 502 504 
	504 -> 5 86 497 503 
	505 -> 5 86 506 512 
	506 -> 5 86 505 507 
	507 -> 5 86 506 508 
	508 -> 5 86 507 509 
	509 -> 5 86 508 510 
	510 -> 5 86 509 511 
	511 -> 5 86 510 512 
	512 -> 5 86 505 511 
	513 -> 5 86 514 520 
	514 -> 5 86 513 515 
	515 -> 5 86 514 516 
	516 -> 5 86 515 517 
	517 -> 5 86 516 518 
	518 -> 5 86 517 519 
	519 -> 5 86 518 520 
	520 -> 5 86 513 519 
	521 -> 5 86 522 528 
	522 -> 5 86 521 523 
	523 -> 5 86 522 524 
	524 -> 5 86 523 525 
	525 -> 5 86 524 526 
	526 -> 5 86 525 527 
	527 -> 5 86 526 528 
	528 -> 5 86 521 527 
	529 -> 5 86 530 536 
	530 -> 5 86 529 531 
	531 -> 5 86 530 532 
	532 -> 5 86 531 533 
	533 -> 5 86 532 534 
	534 -> 5 86 533 535 
	535 -> 5 86 534 536 
	536 -> 5 86 529 535 
	537 -> 5 86 538 544 
	538 -> 5 86 537 539 
	539 -> 5 86 538 540 
	540 -> 5 86 539 541 
	541 -> 5 86 540 542 
	542 -> 5 86 541 543 
	543 -> 5 86 542 544 
	544 -> 5 86 537 543 
	545 -> 5 86 546 552 
	546 -> 5 86 545 547 
	547 -> 5 86 546 548 
	548 -> 5 86 547 549 
	549 -> 5 86 548 550 
	550 -> 5 86 549 551 
	551 -> 5 86 550 552 
	552 -> 5 86 545 551 
	553 -> 5 86 554 560 
	554 -> 5 86 553 555 
	555 -> 5 86 554 556 
	556 -> 5 86 555 557 
	557 -> 5 86 556 558 
	558 -> 5 86 557 559 
	559 -> 5 86 558 560 
	560 -> 5 86 553 559 
	561 -> 5 14 48 49 50 51 566 577 
	562 -> 15 87 563 564 566 577 578 
	563 -> 87 562 565 578 
	564 -> 87 562 565 578 
	565 -> 36 84 85 86 87 89 563 564 578 
	566 -> 5 8 12 13 14 15 90 91 92 93 94 95 96 97 98 99 100 101 102 103 104 105 106 107 108 109 110 111 112 113 114 115 116 117 118 119 120 121 122 123 124 125 126 127 128 129 130 131 132 133 134 135 136 137 138 139 140 141 142 143 144 561 562 570 571 578 579 
	567 -> 568 569 
	568 -> 567 569 570 
	569 -> 567 568 570 
	570 -> 5 566 568 569 571 572 573 
	571 -> 566 570 572 579 
	572 -> 570 571 573 579 
	573 -> 5 570 572 579 
	574 -> 4 5 575 579 
	575 -> 4 574 576 579 
	576 -> 4 575 577 579 
	577 -> 4 5 14 15 18 22 23 561 562 576 578 579 
	578 -> 562 563 564 565 566 577 579 
	579 -> 5 566 571 572 573 574 575 576 577 578 584 585 590 591 596 597 598 599 
	580 -> 581 582 
	581 -> 580 582 583 
	582 -> 580 581 583 
	583 -> 581 582 584 585 
	584 -> 579 583 585 
	585 -> 579 583 584 
	586 -> 587 588 
	587 -> 586 588 589 
	588 -> 586 587 589 
	589 -> 587 588 590 591 
	590 -> 579 589 591 
	591 -> 579 589 590 
	592 -> 593 594 
	593 -> 592 594 595 
	594 -> 592 593 595 
	595 -> 593 594 596 597 
	596 -> 579 595 597 
	597 -> 579 595 596 
	598 -> 579 599 600 
	599 -> 579 598 600 
	600 -> 598 599 601 602 
	601 -> 600 602 603 
	602 -> 600 601 603 
	603 -> 601 602 
---------------------------------------------------
 Node attributes
---------------------------------------------------
===================================================
